2472
140 300
140 299
140 298
140 297
140 296
140 295
140 294
140 293
140 292
140 291
140 290
140 289
140 288
140 287
140 286
140 285
140 284
140 283
140 282
140 281
140 280
140 279
140 278
141 277
141 276
141 275
141 274
141 273
141 272
141 271
141 270
141 269
141 268
141 267
141 266
141 265
141 264
141 263
141 262
142 261
142 260
142 259
142 258
142 257
142 256
142 255
142 254
142 253
142 252
143 251
143 250
143 249
143 248
143 247
143 246
143 245
143 244
144 243
144 242
144 241
144 240
144 239
144 238
144 237
144 236
145 235
145 234
145 233
145 232
145 231
145 230
146 229
146 228
146 227
146 226
146 225
146 224
147 223
147 222
147 221
147 220
147 220
148 219
148 218
148 217
148 216
148 215
149 214
149 213
149 212
149 211
150 210
150 209
150 208
150 207
151 206
151 205
151 204
151 203
152 202
152 201
152 200
152 199
153 198
153 197
153 196
153 195
154 194
154 193
154 192
155 191
155 190
155 190
155 189
156 188
156 187
156 186
157 185
157 184
157 183
158 182
158 181
158 180
159 179
159 178
159 177
160 176
160 175
161 174
161 173
161 173
162 172
162 171
162 170
163 169
163 168
164 167
164 166
164 165
165 164
165 163
166 162
166 162
166 161
167 160
167 159
168 158
168 157
169 156
169 155
169 154
170 153
170 153
171 152
171 151
172 150
172 149
173 148
173 147
174 146
174 146
175 145
175 144
176 143
176 142
177 141
177 140
178 140
178 139
179 138
179 137
180 136
180 135
181 134
182 134
182 133
183 132
183 131
184 130
184 130
185 129
186 128
186 127
187 126
187 125
188 125
189 124
189 123
190 122
190 121
191 121
192 120
192 119
193 118
194 118
194 117
195 116
195 115
196 115
197 114
197 113
198 112
199 112
199 111
200 110
201 109
201 109
202 108
203 107
204 106
204 106
205 105
206 104
206 104
207 103
208 102
209 102
209 101
210 100
211 100
211 99
212 98
213 97
214 97
214 96
215 96
216 95
217 94
218 94
218 93
219 92
220 92
221 91
221 90
222 90
223 89
224 89
225 88
225 87
226 87
227 86
228 86
229 85
229 84
230 84
231 83
232 83
233 82
234 82
234 81
235 80
236 80
237 79
238 79
239 78
239 78
240 77
241 77
242 76
243 76
244 75
245 75
245 74
246 74
247 73
248 73
249 72
250 72
251 71
252 71
253 70
253 70
254 70
255 69
256 69
257 68
258 68
259 67
260 67
261 66
261 66
262 66
263 65
264 65
265 64
266 64
267 64
268 63
269 63
270 62
271 62
272 62
272 61
273 61
274 61
275 60
276 60
277 59
278 59
279 59
280 58
281 58
282 58
283 57
284 57
285 57
286 56
287 56
288 56
288 56
289 55
290 55
291 55
292 54
293 54
294 54
295 53
296 53
297 53
298 53
299 52
300 52
301 52
302 52
303 51
304 51
305 51
306 51
307 50
308 50
309 50
310 50
311 49
312 49
313 49
314 49
315 48
316 48
317 48
317 48
318 48
319 47
320 47
321 47
322 47
323 47
324 46
325 46
326 46
327 46
328 46
329 46
330 45
331 45
332 45
333 45
334 45
335 45
336 44
337 44
338 44
339 44
340 44
341 44
342 44
343 44
344 43
345 43
346 43
347 43
348 43
349 43
350 43
351 43
352 42
353 42
354 42
355 42
356 42
357 42
358 42
359 42
360 42
361 42
362 41
363 41
364 41
365 41
366 41
367 41
368 41
369 41
370 41
371 41
372 41
373 41
374 41
375 41
376 41
377 41
378 40
379 40
380 40
381 40
382 40
383 40
384 40
385 40
386 40
387 40
388 40
389 40
390 40
391 40
392 40
393 40
394 40
395 40
396 40
397 40
398 40
399 40
400 40
401 40
402 40
403 40
404 40
405 40
406 40
407 40
408 40
409 40
410 40
411 40
412 40
413 40
414 40
415 40
416 40
417 40
418 40
419 40
420 40
421 40
422 40
423 41
424 41
425 41
426 41
427 41
428 41
429 41
430 41
431 41
432 41
433 41
434 41
435 41
436 41
437 41
438 41
439 42
440 42
441 42
442 42
443 42
444 42
445 42
446 42
447 42
448 42
449 43
450 43
451 43
452 43
453 43
454 43
455 43
456 43
457 43
458 44
459 44
460 44
461 44
462 44
463 44
464 44
465 45
466 45
467 45
468 45
469 45
470 45
471 46
472 46
473 46
474 46
475 46
476 46
477 47
478 47
479 47
480 47
480 47
481 48
482 48
483 48
484 48
485 48
486 49
487 49
488 49
489 49
490 50
491 50
492 50
493 50
494 51
495 51
496 51
497 51
498 52
499 52
500 52
501 52
502 53
503 53
504 53
505 53
506 54
507 54
508 54
509 55
510 55
510 55
511 55
512 56
513 56
514 56
515 57
516 57
517 57
518 58
519 58
520 58
521 59
522 59
523 59
524 60
525 60
526 61
526 61
527 61
528 62
529 62
530 62
531 63
532 63
533 64
534 64
535 64
536 65
537 65
538 66
538 66
539 66
540 67
541 67
542 68
543 68
544 69
545 69
546 69
547 70
547 70
548 71
549 71
550 72
551 72
552 73
553 73
554 74
554 74
555 75
556 75
557 76
558 76
559 77
560 77
560 78
561 78
562 79
563 79
564 80
565 80
566 81
566 82
567 82
568 83
569 83
570 84
570 84
571 85
572 86
573 86
574 87
575 87
575 88
576 89
577 89
578 90
578 90
579 91
580 92
581 92
582 93
582 94
583 94
584 95
585 95
585 96
586 97
587 97
588 98
588 99
589 99
590 100
591 101
591 101
592 102
593 103
593 104
594 104
595 105
596 106
596 106
597 107
598 108
598 109
599 109
600 110
600 111
601 111
602 112
602 113
603 114
604 114
604 115
605 116
606 117
606 117
607 118
608 119
608 120
609 121
610 121
610 122
611 123
611 124
612 125
613 125
613 126
614 127
614 128
615 129
616 129
616 130
617 131
617 132
618 133
618 134
619 134
619 135
620 136
621 137
621 138
622 139
622 139
623 140
623 141
624 142
624 143
625 144
625 145
626 145
626 146
627 147
627 148
628 149
628 150
629 151
629 152
630 152
630 153
630 154
631 155
631 156
632 157
632 158
633 159
633 160
633 160
634 161
634 162
635 163
635 164
636 165
636 166
636 167
637 168
637 169
638 170
638 171
638 171
639 172
639 173
639 174
640 175
640 176
640 177
641 178
641 179
642 180
642 181
642 182
643 183
643 184
643 185
644 186
644 186
644 187
644 188
645 189
645 190
645 191
646 192
646 193
646 194
647 195
647 196
647 197
647 198
648 199
648 200
648 201
648 202
649 203
649 204
649 205
649 206
650 207
650 208
650 209
650 210
651 211
651 212
651 212
651 213
651 214
652 215
652 216
652 217
652 218
653 219
653 220
653 221
653 222
653 223
653 224
654 225
654 226
654 227
654 228
654 229
655 230
655 231
655 232
655 233
655 234
655 235
655 236
656 237
656 238
656 239
656 240
656 241
656 242
656 243
657 244
657 245
657 246
657 247
657 248
657 249
657 250
657 251
658 252
658 253
658 254
658 255
658 256
658 257
658 258
658 259
658 260
658 261
658 262
659 263
659 264
659 265
659 266
659 267
659 268
659 269
659 270
659 271
659 272
659 273
659 274
659 275
659 276
659 277
660 278
660 279
660 280
660 281
660 282
660 283
660 284
660 285
660 286
660 287
660 288
660 289
660 290
660 291
660 292
660 293
660 294
660 295
660 296
660 297
660 298
660 299
660 300
660 301
660 302
660 303
660 304
660 305
660 306
660 307
660 308
660 309
660 310
660 311
660 312
660 313
660 314
660 315
660 316
660 317
660 318
660 319
660 320
660 321
660 322
659 323
659 324
659 325
659 326
659 327
659 328
659 329
659 330
659 331
659 332
659 333
659 334
659 335
659 336
659 337
659 338
658 339
658 340
658 341
658 342
658 343
658 344
658 345
658 346
658 347
658 348
657 349
657 350
657 351
657 352
657 353
657 354
657 355
657 356
657 357
656 358
656 359
656 360
656 361
656 362
656 363
656 364
655 365
655 366
655 367
655 368
655 369
655 370
654 371
654 372
654 373
654 374
654 375
654 376
653 376
653 377
653 378
653 379
653 380
652 381
652 382
652 383
652 384
652 385
651 386
651 387
651 388
651 389
650 390
650 391
650 392
650 393
649 394
649 395
649 396
649 397
648 398
648 399
648 400
648 401
647 402
647 403
647 404
647 405
646 406
646 407
646 408
645 409
645 409
645 410
645 411
644 412
644 413
644 414
643 415
643 416
643 417
642 418
642 419
642 420
641 421
641 422
641 423
640 424
640 425
640 425
639 426
639 427
638 428
638 429
638 430
637 431
637 432
636 433
636 434
636 435
635 436
635 437
634 437
634 438
634 439
633 440
633 441
632 442
632 443
631 444
631 445
631 446
630 446
630 447
629 448
629 449
628 450
628 451
627 452
627 453
626 454
626 454
625 455
625 456
624 457
624 458
623 459
623 460
622 460
622 461
621 462
621 463
620 464
620 465
619 465
618 466
618 467
617 468
617 469
616 470
616 470
615 471
614 472
614 473
613 474
613 474
612 475
612 476
611 477
610 478
610 478
609 479
608 480
608 481
607 482
607 482
606 483
605 484
605 485
604 485
603 486
603 487
602 488
601 488
601 489
600 490
599 491
599 491
598 492
597 493
597 493
596 494
595 495
594 496
594 496
593 497
592 498
592 498
591 499
590 500
589 500
589 501
588 502
587 502
586 503
586 504
585 504
584 505
583 506
582 506
582 507
581 508
580 508
579 509
579 510
578 510
577 511
576 511
575 512
575 513
574 513
573 514
572 514
571 515
571 516
570 516
569 517
568 517
567 518
566 518
566 519
565 520
564 520
563 521
562 521
561 522
560 522
560 523
559 523
558 524
557 524
556 525
555 525
554 526
554 526
553 527
552 527
551 528
550 528
549 529
548 529
547 530
547 530
546 530
545 531
544 531
543 532
542 532
541 533
540 533
539 534
538 534
538 534
537 535
536 535
535 536
534 536
533 536
532 537
531 537
530 538
529 538
528 538
527 539
527 539
526 539
525 540
524 540
523 541
522 541
521 541
520 542
519 542
518 542
517 543
516 543
515 543
514 544
513 544
512 544
511 545
510 545
510 545
509 545
508 546
507 546
506 546
505 547
504 547
503 547
502 547
501 548
500 548
499 548
498 548
497 549
496 549
495 549
494 549
493 550
492 550
491 550
490 550
489 551
488 551
487 551
486 551
485 552
484 552
483 552
482 552
481 552
480 553
480 553
479 553
478 553
477 553
476 554
475 554
474 554
473 554
472 554
471 554
470 555
469 555
468 555
467 555
466 555
465 555
464 556
463 556
462 556
461 556
460 556
459 556
458 556
457 557
456 557
455 557
454 557
453 557
452 557
451 557
450 557
449 557
448 558
447 558
446 558
445 558
444 558
443 558
442 558
441 558
440 558
439 558
438 559
437 559
436 559
435 559
434 559
433 559
432 559
431 559
430 559
429 559
428 559
427 559
426 559
425 559
424 559
423 559
422 560
421 560
420 560
419 560
418 560
417 560
416 560
415 560
414 560
413 560
412 560
411 560
410 560
409 560
408 560
407 560
406 560
405 560
404 560
403 560
402 560
401 560
400 560
399 560
398 560
397 560
396 560
395 560
394 560
393 560
392 560
391 560
390 560
389 560
388 560
387 560
386 560
385 560
384 560
383 560
382 560
381 560
380 560
379 560
378 560
377 560
376 560
375 559
374 559
373 559
372 559
371 559
370 559
369 559
368 559
367 559
366 559
365 559
364 559
363 559
362 559
361 559
360 559
359 559
358 558
357 558
356 558
355 558
354 558
353 558
352 558
351 558
350 558
349 558
348 558
347 558
346 557
345 557
344 557
343 557
342 557
341 557
340 557
339 557
338 557
337 556
336 556
335 556
334 556
333 556
332 556
331 556
330 555
329 555
328 555
327 555
326 555
325 555
324 555
323 554
322 554
321 554
320 554
319 554
318 554
317 553
316 553
315 553
314 553
313 553
312 552
311 552
311 552
310 552
309 552
308 551
307 551
306 551
305 551
304 551
303 550
302 550
301 550
300 550
299 549
298 549
297 549
296 549
295 548
294 548
293 548
292 548
291 547
290 547
289 547
288 547
287 546
286 546
285 546
284 545
283 545
282 545
282 544
281 544
280 544
279 544
278 543
277 543
276 543
275 542
274 542
273 542
272 541
271 541
270 540
269 540
268 540
267 539
267 539
266 539
265 538
264 538
263 537
262 537
261 537
260 536
259 536
258 535
257 535
256 535
256 534
255 534
254 533
253 533
252 532
251 532
250 531
249 531
248 530
248 530
247 529
246 529
245 528
244 528
243 527
242 527
242 526
241 526
240 525
239 525
238 524
237 524
236 523
236 523
235 522
234 521
233 521
232 520
232 520
231 519
230 518
229 518
228 517
228 517
227 516
226 515
225 515
225 514
224 513
223 513
222 512
222 511
221 511
220 510
219 509
219 509
218 508
217 507
217 506
216 506
215 505
214 504
214 504
213 503
212 502
212 501
211 501
210 500
210 499
209 498
209 497
208 497
207 496
207 495
206 494
206 494
205 493
204 492
204 491
203 490
203 489
202 489
202 488
201 487
201 486
200 485
200 484
199 483
199 483
198 482
198 481
197 480
197 479
196 478
196 477
195 476
195 475
194 475
194 474
194 473
193 472
193 471
192 470
192 469
192 468
191 467
191 466
191 465
190 464
190 463
190 462
189 461
189 461
189 460
188 459
188 458
188 457
188 456
187 455
187 454
187 453
186 452
186 451
186 450
186 449
186 448
185 447
185 446
185 445
185 444
185 443
184 442
184 441
184 440
184 439
184 438
184 437
183 436
183 435
183 434
183 433
183 432
183 431
183 430
183 429
183 428
183 427
182 426
182 425
182 424
182 423
182 422
182 421
182 420
182 419
182 418
182 417
182 416
182 415
182 414
182 413
182 412
182 411
182 410
182 409
182 408
182 407
182 406
182 405
182 404
182 403
182 402
182 401
182 400
182 399
182 398
182 397
183 396
183 395
183 394
183 393
183 392
183 391
183 390
183 389
183 388
183 387
183 386
184 385
184 384
184 383
184 382
184 381
184 380
184 379
185 378
185 377
185 376
185 375
185 374
185 373
185 372
186 371
186 370
186 369
186 368
186 367
186 366
187 366
187 365
187 364
187 363
187 362
188 361
188 360
188 359
188 358
188 357
189 356
189 355
189 354
189 353
190 352
190 351
190 350
190 349
191 348
191 347
191 346
191 345
191 344
192 343
192 342
192 341
192 340
193 339
193 338
193 337
193 336
194 335
194 334
194 333
194 332
195 331
195 330
195 330
196 329
196 328
196 327
196 326
197 325
197 324
197 323
197 322
198 321
198 320
198 319
199 318
199 317
199 316
200 315
200 314
200 313
200 312
201 311
201 310
201 309
202 308
202 308
202 307
203 306
203 305
203 304
204 303
204 302
204 301
205 300
205 299
205 298
206 297
206 296
206 295
207 294
207 293
207 292
208 291
208 291
208 290
209 289
209 288
209 287
210 286
210 285
210 284
211 283
211 282
212 281
212 280
212 279
213 278
213 278
213 277
214 276
214 275
215 274
215 273
215 272
216 271
216 270
217 269
217 268
217 267
218 267
218 266
219 265
219 264
220 263
220 262
220 261
221 260
221 259
222 258
222 257
223 257
223 256
224 255
224 254
224 253
225 252
225 251
226 250
226 249
227 249
227 248
228 247
228 246
229 245
229 244
230 243
230 242
231 242
231 241
232 240
232 239
233 238
233 237
234 236
234 236
235 235
235 234
236 233
236 232
237 231
237 230
238 230
238 229
239 228
240 227
240 226
241 225
241 225
242 224
242 223
243 222
243 221
244 221
245 220
245 219
246 218
246 217
247 216
248 216
248 215
249 214
249 213
250 212
251 212
251 211
252 210
252 209
253 209
254 208
254 207
255 206
256 205
256 205
257 204
258 203
258 202
259 202
260 201
260 200
261 199
262 199
262 198
263 197
264 197
264 196
265 195
266 194
266 194
267 193
268 192
268 192
269 191
270 190
271 189
271 189
272 188
273 187
274 187
274 186
275 185
276 185
277 184
277 183
278 183
279 182
280 181
280 181
281 180
282 180
283 179
283 178
284 178
285 177
286 176
287 176
287 175
288 175
289 174
290 173
291 173
291 172
292 172
293 171
294 171
295 170
296 169
296 169
297 168
298 168
299 167
300 167
301 166
302 166
302 165
303 165
304 164
305 164
306 163
307 163
308 162
308 162
309 161
310 161
311 160
312 160
313 159
314 159
315 159
316 158
316 158
317 157
318 157
319 156
320 156
321 156
322 155
323 155
324 154
325 154
326 154
327 153
327 153
328 153
329 152
330 152
331 151
332 151
333 151
334 150
335 150
336 150
337 150
338 149
339 149
340 149
341 148
342 148
343 148
344 147
345 147
346 147
347 147
347 146
348 146
349 146
350 146
351 145
352 145
353 145
354 145
355 145
356 144
357 144
358 144
359 144
360 144
361 143
362 143
363 143
364 143
365 143
366 143
367 142
368 142
369 142
370 142
371 142
372 142
373 142
374 141
375 141
376 141
377 141
378 141
379 141
380 141
381 141
382 141
383 141
384 141
385 140
386 140
387 140
388 140
389 140
390 140
391 140
392 140
393 140
394 140
395 140
396 140
397 140
398 140
399 140
400 140
401 140
402 140
403 140
404 140
405 140
406 140
407 140
408 140
409 140
410 140
411 140
412 140
413 140
414 140
415 140
416 140
417 140
418 141
419 141
420 141
421 141
422 141
423 141
424 141
425 141
426 141
427 141
428 141
429 141
430 142
431 142
432 142
433 142
434 142
435 142
436 142
437 142
438 143
439 143
440 143
441 143
442 143
443 143
444 144
445 144
446 144
447 144
448 144
449 144
450 145
451 145
452 145
453 145
454 145
455 146
456 146
457 146
458 146
459 147
459 147
460 147
461 147
462 148
463 148
464 148
465 149
466 149
467 149
468 149
469 150
470 150
471 150
472 151
473 151
474 151
475 152
476 152
477 152
478 153
478 153
479 153
480 154
481 154
482 155
483 155
484 155
485 156
486 156
487 157
488 157
489 158
489 158
490 158
491 159
492 159
493 160
494 160
495 161
496 161
496 162
497 162
498 163
499 163
500 164
501 164
502 165
502 166
503 166
504 167
505 167
506 168
506 168
507 169
508 170
509 170
510 171
510 171
511 172
512 173
513 173
514 174
514 175
515 175
516 176
517 177
517 177
518 178
519 179
519 179
520 180
521 181
522 182
522 182
523 183
524 184
524 184
525 185
526 186
526 187
527 188
528 188
528 189
529 190
529 191
530 191
531 192
531 193
532 194
532 195
533 195
533 196
534 197
535 198
535 199
536 200
536 200
537 201
537 202
538 203
538 204
539 205
539 206
540 206
540 207
541 208
541 209
542 210
542 211
543 212
543 213
543 214
544 214
544 215
545 216
545 217
545 218
546 219
546 220
547 221
547 222
547 223
548 224
548 225
548 226
549 227
549 228
549 228
550 229
550 230
550 231
551 232
551 233
551 234
552 235
552 236
552 237
552 238
553 239
553 240
553 241
553 242
554 243
554 244
554 245
554 246
555 247
555 248
555 249
555 250
555 251
556 252
556 253
556 254
556 255
556 256
557 257
557 258
557 259
557 260
557 261
557 262
558 263
558 264
558 265
558 266
558 267
558 268
558 269
558 270
558 271
559 272
559 272
559 273
559 274
559 275
559 276
559 277
559 278
559 279
559 280
559 281
559 282
560 283
560 284
560 285
560 286
560 287
560 288
560 289
560 290
560 291
560 292
560 293
560 294
560 295
560 296
560 297
560 298
560 299
560 300
560 301
560 302
560 303
560 304
560 305
560 306
560 307
560 308
560 309
560 310
560 311
560 312
560 313
560 314
560 315
560 316
560 317
559 318
559 319
559 320
559 321
559 322
559 323
559 324
559 325
559 326
559 327
559 328
559 329
558 330
558 331
558 332
558 333
558 334
558 335
558 336
558 337
557 338
557 339
557 340
557 341
557 342
557 343
556 344
556 345
556 346
556 347
556 348
556 349
555 350
555 351
555 352
555 353
554 354
554 355
554 356
554 357
554 358
553 359
553 360
553 361
553 362
552 363
552 364
552 365
551 366
551 367
551 367
551 368
550 369
550 370
550 371
549 372
549 373
549 374
548 375
548 376
548 377
547 378
547 379
546 380
546 381
546 382
545 382
545 383
544 384
544 385
544 386
543 387
543 388
542 389
542 390
541 391
541 391
540 392
540 393
539 394
539 395
538 396
538 397
537 398
537 398
536 399
536 400
535 401
535 402
534 403
534 403
533 404
533 405
532 406
531 407
531 408
530 408
530 409
529 410
528 411
528 411
527 412
526 413
526 414
525 415
524 415
524 416
523 417
522 417
522 418
521 419
520 420
520 420
519 421
518 422
517 422
517 423
516 424
515 424
515 425
514 426
513 426
512 427
511 428
511 428
510 429
509 430
508 430
508 431
507 431
506 432
505 433
504 433
503 434
503 434
502 435
501 435
500 436
499 436
498 437
498 437
497 438
496 438
495 439
494 439
493 440
492 440
491 441
491 441
490 442
489 442
488 443
487 443
486 444
485 444
484 444
483 445
482 445
482 446
481 446
480 446
479 447
478 447
477 448
476 448
475 448
474 449
473 449
472 449
471 450
470 450
469 450
468 451
467 451
467 451
466 451
465 452
464 452
463 452
462 453
461 453
460 453
459 453
458 454
457 454
456 454
455 454
454 454
453 455
452 455
451 455
450 455
449 456
448 456
447 456
446 456
445 456
444 456
443 457
442 457
441 457
440 457
439 457
438 457
437 458
436 458
435 458
434 458
433 458
432 458
431 458
430 458
429 459
428 459
427 459
426 459
425 459
424 459
423 459
422 459
421 459
420 459
419 459
418 459
417 460
416 460
415 460
414 460
413 460
412 460
411 460
410 460
409 460
408 460
407 460
406 460
405 460
404 460
403 460
402 460
401 460
400 460
