1792
400 560
401 560
402 560
403 560
404 560
405 560
406 560
407 560
408 560
409 560
410 560
411 560
412 560
413 560
414 560
415 560
416 560
417 560
418 560
419 560
420 560
421 560
422 560
423 560
424 560
425 560
426 560
427 560
428 560
429 560
430 560
431 560
432 560
433 560
434 560
435 560
436 560
437 560
438 560
439 560
440 560
441 560
442 560
443 560
444 560
445 560
446 560
447 560
448 560
449 560
450 560
451 560
452 560
453 560
454 560
455 559
456 559
457 559
458 559
459 559
460 559
461 559
462 559
463 559
464 559
465 559
466 559
467 559
468 559
469 559
470 559
471 559
472 559
473 559
474 559
475 559
476 559
477 559
478 559
479 559
480 559
481 559
482 559
483 559
484 559
485 559
486 559
487 559
488 559
489 559
490 559
491 558
492 558
493 558
494 558
495 558
496 558
497 558
498 558
499 558
500 558
501 558
502 558
503 558
504 558
505 558
506 558
507 558
508 558
509 558
510 558
511 558
512 558
513 558
514 557
515 557
516 557
517 557
518 557
519 557
520 557
521 557
522 557
523 557
524 557
525 557
526 557
527 557
528 557
529 557
530 557
531 557
532 556
533 556
534 556
535 556
536 556
537 556
538 556
539 556
540 556
541 556
542 556
543 556
544 556
545 556
546 555
547 555
548 555
549 555
550 555
551 555
552 555
553 555
554 555
555 555
556 555
557 555
558 554
559 554
560 554
561 554
562 554
563 554
564 554
565 554
566 554
567 554
568 553
569 553
570 553
571 553
572 553
573 553
574 553
575 553
576 553
577 552
578 552
579 552
580 552
581 552
582 552
583 552
584 552
585 551
586 551
587 551
588 551
589 551
590 551
591 551
592 551
593 550
594 550
595 550
596 550
597 550
598 550
599 549
600 549
600 549
601 549
602 549
603 549
604 548
605 548
606 548
607 548
608 548
609 548
610 547
611 547
612 547
613 547
614 547
615 546
616 546
617 546
618 546
619 545
620 545
621 545
622 545
623 544
624 544
625 544
626 544
627 543
628 543
629 543
630 543
631 542
632 542
633 542
634 541
635 541
636 541
636 540
637 540
638 540
639 539
640 539
641 539
642 538
643 538
644 537
645 537
646 537
647 536
647 536
648 535
649 535
650 534
651 534
652 533
652 532
653 532
654 531
655 531
655 530
656 529
657 528
657 528
658 527
658 526
659 525
659 524
660 523
660 522
660 521
660 520
660 519
660 518
660 517
659 516
659 515
659 514
658 513
658 512
657 512
657 511
656 510
655 509
655 509
654 508
653 507
652 507
652 506
651 505
650 505
649 504
648 504
648 503
647 503
646 502
645 502
644 501
643 501
642 500
641 500
640 500
639 499
639 499
638 499
637 498
636 498
635 498
634 497
633 497
632 497
631 496
630 496
629 496
628 495
627 495
626 495
625 495
624 494
623 494
622 494
621 494
620 493
619 493
618 493
617 493
617 492
616 492
615 492
614 492
613 491
612 491
611 491
610 491
609 491
608 491
607 490
606 490
605 490
604 490
603 490
602 489
601 489
600 489
599 489
598 489
597 489
596 488
595 488
594 488
593 488
592 488
591 488
590 488
589 487
588 487
587 487
586 487
585 487
584 487
583 487
582 487
581 486
580 486
579 486
578 486
577 486
576 486
575 486
574 486
573 486
572 485
571 485
570 485
569 485
568 485
567 485
566 485
565 485
564 485
563 485
562 484
561 484
560 484
559 484
558 484
557 484
556 484
555 484
554 484
553 484
552 484
551 484
550 483
549 483
548 483
547 483
546 483
545 483
544 483
543 483
542 483
541 483
540 483
539 483
538 483
537 483
536 482
535 482
534 482
533 482
532 482
531 482
530 482
529 482
528 482
527 482
526 482
525 482
524 482
523 482
522 482
521 482
520 482
519 482
518 482
517 482
516 481
515 481
514 481
513 481
512 481
511 481
510 481
509 481
508 481
507 481
506 481
505 481
504 481
503 481
502 481
501 481
500 481
499 481
498 481
497 481
496 481
495 481
494 481
493 481
492 481
491 481
490 481
489 481
488 481
487 481
486 480
485 480
484 480
483 480
482 480
481 480
480 480
479 480
478 480
477 480
476 480
475 480
474 480
473 480
472 480
471 480
470 480
469 480
468 480
467 480
466 480
465 480
464 480
463 480
462 480
461 480
460 480
459 480
458 480
457 480
456 480
455 480
454 480
453 480
452 480
451 480
450 480
449 480
448 480
447 480
446 480
445 480
444 480
443 480
442 480
441 480
440 480
439 480
438 480
437 480
436 480
435 480
434 480
433 480
432 480
431 480
430 480
429 480
428 480
427 480
426 480
425 480
424 480
423 480
422 480
421 480
420 480
419 479
418 479
417 479
416 479
415 479
414 479
413 479
412 479
411 479
410 479
409 479
408 479
407 479
406 479
405 479
404 478
403 478
402 478
401 478
400 478
399 478
398 478
397 478
396 478
395 477
394 477
393 477
392 477
391 477
390 477
389 477
388 477
387 476
386 476
385 476
384 476
383 476
382 476
381 475
380 475
379 475
378 475
377 475
377 475
376 474
375 474
374 474
373 474
372 474
371 473
370 473
369 473
368 473
367 473
366 472
365 472
364 472
363 472
362 471
361 471
360 471
359 471
358 470
357 470
356 470
355 470
354 469
353 469
352 469
351 469
350 468
349 468
348 468
347 467
346 467
345 467
345 467
344 466
343 466
342 466
341 465
340 465
339 465
338 464
337 464
336 464
335 463
334 463
333 462
332 462
331 462
330 461
330 461
329 461
328 460
327 460
326 459
325 459
324 459
323 458
322 458
321 457
320 457
320 456
319 456
318 456
317 455
316 455
315 454
314 454
313 453
312 453
312 452
311 452
310 451
309 451
308 450
307 450
306 449
305 449
305 448
304 448
303 447
302 447
301 446
300 446
300 445
299 444
298 444
297 443
296 443
295 442
295 442
294 441
293 440
292 440
291 439
291 439
290 438
289 437
288 437
287 436
287 436
286 435
285 434
284 434
284 433
283 432
282 432
281 431
281 430
280 430
279 429
278 428
278 428
277 427
276 426
276 426
275 425
274 424
273 423
273 423
272 422
271 421
271 421
270 420
269 419
269 418
268 418
267 417
267 416
266 415
265 414
265 414
264 413
264 412
263 411
262 411
262 410
261 409
260 408
260 407
259 407
259 406
258 405
258 404
257 403
256 403
256 402
255 401
255 400
254 399
254 398
253 398
253 397
252 396
252 395
251 394
251 393
250 392
249 392
249 391
248 390
248 389
248 388
247 387
247 386
246 385
246 385
245 384
245 383
244 382
244 381
243 380
243 379
243 378
242 377
242 376
241 376
241 375
240 374
240 373
240 372
239 371
239 370
239 369
238 368
238 367
237 366
237 365
237 364
236 364
236 363
236 362
235 361
235 360
235 359
234 358
234 357
234 356
233 355
233 354
233 353
232 352
232 351
232 350
232 349
231 348
231 347
231 346
230 346
230 345
230 344
230 343
229 342
229 341
229 340
229 339
228 338
228 337
228 336
228 335
228 334
227 333
227 332
227 331
227 330
226 329
226 328
226 327
226 326
226 325
225 324
225 323
225 322
225 321
225 320
225 319
224 318
224 317
224 316
224 315
224 314
224 313
224 312
223 311
223 310
223 309
223 308
223 307
223 306
223 305
222 304
222 303
222 302
222 301
222 300
222 299
222 298
222 297
222 296
222 295
221 294
221 293
221 292
221 291
221 290
221 289
221 288
221 287
221 286
221 285
221 284
221 283
221 282
221 281
220 280
220 279
220 278
220 277
220 276
220 275
220 274
220 273
220 272
220 271
220 270
220 269
220 268
220 267
220 266
220 265
220 264
220 263
220 262
220 261
220 260
220 259
220 258
220 257
220 256
220 255
220 254
220 253
220 252
220 251
220 250
220 249
220 248
220 247
220 246
220 245
220 244
220 243
220 242
220 241
220 240
221 239
221 238
221 237
221 236
221 235
221 234
221 233
221 232
221 231
221 230
221 229
221 228
221 227
221 226
222 225
222 224
222 223
222 222
222 221
222 220
222 219
222 218
222 217
223 216
223 216
223 215
223 214
223 213
223 212
223 211
224 210
224 209
224 208
224 207
224 206
224 205
225 204
225 203
225 202
225 201
225 200
226 199
226 198
226 197
226 196
226 195
227 194
227 193
227 192
227 191
228 190
228 189
228 188
228 187
229 186
229 185
229 184
230 183
230 182
230 181
231 180
231 179
231 179
232 178
232 177
232 176
233 175
233 174
233 173
234 172
234 171
234 170
235 169
235 168
236 167
236 167
237 166
237 165
237 164
238 163
238 162
239 161
239 160
240 159
240 159
241 158
241 157
242 156
242 155
243 154
244 154
244 153
245 152
245 151
246 150
246 149
247 149
248 148
248 147
249 146
250 146
250 145
251 144
252 143
252 143
253 142
254 141
255 141
255 140
256 139
257 139
258 138
258 137
259 137
260 136
261 135
262 135
262 134
263 134
264 133
265 133
266 132
267 132
267 131
268 131
269 130
270 130
271 129
272 129
273 128
274 128
275 128
276 127
277 127
277 127
278 126
279 126
280 126
281 125
282 125
283 125
284 124
285 124
286 124
287 124
288 124
289 123
290 123
291 123
292 123
293 123
294 123
295 122
296 122
297 122
298 122
299 122
300 122
301 122
302 122
303 122
304 122
305 122
306 122
307 122
308 122
309 122
310 122
311 122
312 122
313 122
314 122
315 122
316 122
317 122
318 122
319 122
320 122
321 123
322 123
323 123
324 123
325 123
326 123
327 123
328 124
329 124
330 124
331 124
332 124
333 124
334 125
335 125
336 125
337 125
338 125
339 126
340 126
341 126
342 126
342 127
343 127
344 127
345 127
346 128
347 128
348 128
349 128
350 129
351 129
352 129
353 130
354 130
355 130
356 130
357 131
358 131
359 131
360 132
361 132
362 132
363 133
364 133
364 133
365 134
366 134
367 134
368 135
369 135
370 135
371 136
372 136
373 136
374 137
375 137
376 138
377 138
378 138
378 139
379 139
380 139
381 140
382 140
383 141
384 141
385 141
386 142
387 142
388 143
389 143
389 143
390 144
391 144
392 145
393 145
394 146
395 146
396 146
397 147
398 147
399 148
399 148
400 149
401 149
402 149
403 150
404 150
405 151
406 151
407 152
407 152
408 153
409 153
410 153
411 154
412 154
413 155
414 155
415 156
415 156
416 157
417 157
418 158
419 158
420 159
421 159
422 160
423 160
423 161
424 161
425 161
426 162
427 162
428 163
429 163
430 164
430 164
431 165
432 165
433 166
434 166
435 167
436 167
436 168
437 168
438 169
439 169
440 170
441 170
442 171
442 171
443 172
444 172
445 173
446 173
447 174
448 175
448 175
449 176
450 176
451 177
452 177
453 178
454 178
455 179
455 179
456 180
457 180
458 181
459 181
460 182
461 182
461 183
462 183
463 184
464 184
465 185
466 185
467 186
467 186
468 187
469 187
470 188
471 188
472 189
473 189
473 190
474 190
475 191
476 191
477 192
478 192
479 193
480 193
480 194
481 194
482 195
483 195
484 196
485 196
486 197
486 197
487 198
488 198
489 199
490 199
491 200
492 200
492 201
493 201
494 202
495 202
496 203
497 203
498 204
498 204
499 205
500 205
501 206
502 206
503 207
504 207
505 208
505 208
506 209
507 209
508 210
509 210
510 211
511 211
511 212
512 212
513 213
514 213
515 214
516 214
517 215
518 215
518 216
519 216
520 217
521 217
522 218
523 218
524 219
524 219
525 220
526 220
527 221
528 221
529 222
530 222
531 223
531 223
532 224
533 224
534 225
535 225
536 226
537 226
537 227
538 227
539 228
540 228
541 229
542 229
543 230
544 230
544 231
545 231
546 232
547 232
548 233
549 233
550 234
550 234
551 235
552 235
553 236
554 236
555 237
556 237
557 238
557 238
558 239
559 239
560 240
561 240
562 241
563 241
564 242
564 242
565 243
566 243
567 244
568 244
569 245
570 245
570 246
571 246
572 247
573 247
574 248
575 248
576 249
577 249
577 250
578 250
579 251
580 251
581 252
582 252
583 252
584 253
584 253
585 254
586 254
587 255
588 255
589 256
590 256
591 257
591 257
592 258
593 258
594 259
595 259
596 260
597 260
598 261
598 261
599 262
600 262
601 263
602 263
603 264
604 264
605 265
605 265
606 266
607 266
608 266
609 267
610 267
611 268
612 268
613 269
613 269
614 270
615 270
616 271
617 271
618 272
619 272
620 273
620 273
621 274
622 274
623 275
624 275
625 275
626 276
627 276
627 277
628 277
629 278
630 278
631 279
632 279
633 280
634 280
635 281
635 281
636 281
637 282
638 282
639 283
640 283
641 284
642 284
643 285
643 285
644 286
645 286
646 286
647 287
648 287
649 288
650 288
651 289
652 289
652 289
653 290
654 290
655 291
656 291
657 292
658 292
659 292
660 293
661 293
662 294
662 294
663 295
664 295
665 295
666 296
667 296
668 296
669 297
670 297
671 298
672 298
673 298
674 299
675 299
675 299
676 299
677 300
678 300
679 300
680 300
681 300
682 300
683 300
684 300
685 300
686 300
687 300
688 300
689 300
690 300
691 300
692 300
693 300
694 300
695 300
696 300
697 300
698 300
699 300
700 300
701 300
702 300
703 300
704 300
705 300
706 300
707 300
708 300
709 300
710 300
711 300
712 300
713 300
714 300
715 300
716 300
717 300
718 300
719 300
720 300
721 300
722 300
723 300
724 300
725 300
726 300
727 300
728 300
729 300
730 300
731 300
732 300
733 300
734 299
735 299
736 298
737 298
738 297
739 297
739 296
740 295
741 295
742 294
742 293
743 292
743 292
744 291
744 290
745 289
745 288
746 287
746 286
747 285
747 285
748 284
748 283
748 282
749 281
749 280
749 279
750 278
750 277
750 276
751 275
751 274
751 273
751 272
752 271
752 270
752 269
752 268
753 267
753 266
753 265
753 264
753 263
754 262
754 262
754 261
754 260
754 259
754 258
755 257
755 256
755 255
755 254
755 253
755 252
756 251
756 250
756 249
756 248
756 247
756 246
756 245
756 244
757 243
757 242
757 241
757 240
757 239
757 238
757 237
757 236
757 235
758 234
758 233
758 232
758 231
758 230
758 229
758 228
758 227
758 226
758 225
758 224
758 223
758 222
759 221
759 220
759 219
759 218
759 217
759 216
759 215
759 214
759 213
759 212
759 211
759 210
759 209
759 208
759 207
759 206
759 205
759 204
759 203
759 202
760 201
760 200
760 199
760 198
760 197
760 196
760 195
760 194
760 193
760 192
760 191
760 190
760 189
760 188
760 187
760 186
760 185
760 184
760 183
760 182
760 181
760 180
760 179
760 178
760 177
760 176
760 175
760 174
760 173
760 172
760 171
760 170
760 169
760 168
760 167
760 166
760 165
760 164
760 163
760 162
760 161
760 160
760 159
760 158
760 157
760 156
760 155
760 154
760 153
760 152
760 151
760 150
760 149
760 148
760 147
760 146
760 145
760 144
760 143
760 142
760 141
760 140
760 139
760 138
760 137
760 136
760 135
760 134
760 133
760 132
760 131
760 130
760 129
760 128
760 127
760 126
760 125
760 124
760 123
760 122
760 121
760 120
760 119
760 118
760 117
760 116
760 115
760 114
760 113
760 112
760 111
760 110
760 109
760 108
760 107
760 106
760 105
760 104
760 103
760 102
760 101
760 100
760 99
760 98
760 97
760 96
760 95
760 94
760 93
760 92
760 91
760 90
760 89
760 88
760 87
760 86
760 85
760 84
760 83
760 82
760 81
760 80
760 79
760 78
760 77
760 76
760 75
760 74
760 73
760 72
760 71
760 70
760 69
760 68
760 67
760 66
760 65
760 64
760 63
760 62
760 61
760 60
760 59
760 58
760 57
760 56
760 55
760 54
760 53
760 52
760 51
760 50
760 49
760 48
760 47
760 46
760 45
760 44
760 43
760 42
760 41
760 40
760 39
760 38
760 37
760 36
760 35
760 34
760 33
760 32
760 31
